Date,dailyCatch,dailyCPUE,cumCPUE,year,DOY,dailyPROP,otoCATCH,otoPROP,oto_cumPROP,COratio
2015-05-29,1,0.04,0.21,2015,148,0.00100025006251562,2,0.00809716599190283,0.00809716599190283,0.12353088272068016
2015-05-31,5,0.21,0.63,2015,150,0.00525131282820705,1,0.00404858299595141,0.01214574898785425,1.2970742685671417
2015-06-02,10,0.42,1.55,2015,152,0.0105026256564141,4,0.01619433198380566,0.02834008097165992,0.6485371342835708
2015-06-03,6,0.25,1.8,2015,153,0.00625156289072268,3,0.01214574898785425,0.04048582995951417,0.5147120113361673
2015-06-05,21,0.88,3.01,2015,155,0.02200550137534383,2,0.00809716599190283,0.048582995951417,2.7176794198549636
2015-06-06,37,1.03,4.04,2015,156,0.02575643910977744,6,0.0242914979757085,0.0728744939271255,1.0603067433525046
2015-06-07,26,0.54,4.58,2015,157,0.01350337584396099,10,0.04048582995951417,0.11336032388663968,0.3335333833458365
2015-06-08,39,0.81,5.39,2015,158,0.02025506376594148,7,0.02834008097165992,0.1417004048582996,0.7147143928839352
2015-06-09,17,0.35,5.74,2015,159,0.00875218804701175,9,0.03643724696356275,0.17813765182186234,0.24019893862354472
2015-06-10,19,0.53,6.27,2015,160,0.01325331332833208,3,0.01214574898785425,0.1902834008097166,1.091189464032675
2015-06-11,52,1.08,7.35,2015,161,0.02700675168792198,4,0.01619433198380566,0.20647773279352227,1.6676669167291824
2015-06-12,30,0.63,7.98,2015,162,0.01575393848462115,16,0.06477732793522267,0.27125506072874495,0.24320142535633907
2015-06-13,34,0.94,8.92,2015,163,0.02350587646911727,5,0.02024291497975708,0.291497975708502,1.1611902975743935
2015-06-14,20,0.83,9.75,2015,164,0.02075518879719929,6,0.0242914979757085,0.3157894736842105,0.8544219388180377
2015-06-15,18,0.75,10.5,2015,165,0.01875468867216804,5,0.02024291497975708,0.3360323886639676,0.9264816204051012
2015-06-16,11,0.46,10.96,2015,166,0.01150287571892973,5,0.02024291497975708,0.3562753036437247,0.5682420605151288
2015-06-17,33,1.38,12.34,2015,167,0.03450862715678919,3,0.01214574898785425,0.3684210526315789,2.841210302575643
2015-06-18,37,1.54,13.88,2015,168,0.03850962740685171,5,0.02024291497975708,0.388663967611336,1.9023755938984743
2015-06-19,20,0.83,14.71,2015,169,0.02075518879719929,10,0.04048582995951417,0.4291497975708502,0.5126531632908227
2015-06-20,17,0.71,15.42,2015,170,0.01775443860965241,6,0.0242914979757085,0.4534412955465587,0.7308910560973576
2015-06-21,13,0.54,15.96,2015,171,0.01350337584396099,4,0.01619433198380566,0.4696356275303643,0.8338334583645912
2015-06-22,7,0.29,16.25,2015,172,0.0072518129532383,6,0.0242914979757085,0.4939271255060729,0.298532966574977
2015-06-23,14,0.58,16.83,2015,173,0.01450362590647661,2,0.00809716599190283,0.5020242914979757,1.7911977994498622
2015-06-24,15,0.63,17.46,2015,174,0.01575393848462115,3,0.01214574898785425,0.5141700404858299,1.2970742685671417
2015-06-25,78,3.25,20.71,2015,175,0.08127031757939485,5,0.02024291497975708,0.5344129554655871,4.014753688422106
2015-06-26,95,3.96,24.67,2015,176,0.09902475618904726,15,0.06072874493927125,0.5951417004048583,1.6306076519129782
2015-06-27,44,1.83,26.5,2015,177,0.04576144036009002,15,0.06072874493927125,0.6558704453441295,0.7535383845961491
2015-06-28,57,2.38,28.88,2015,178,0.05951487871967991,12,0.048582995951417,0.7044534412955465,1.225014586980078
2015-06-29,21,0.88,29.76,2015,179,0.02200550137534383,14,0.05668016194331984,0.7611336032388664,0.3882399171221377
2015-06-30,27,1.13,30.89,2015,180,0.02825706426606651,6,0.0242914979757085,0.7854251012145749,1.163249145619738
2015-07-01,64,2.67,33.56,2015,181,0.06676669167291822,5,0.02024291497975708,0.8056680161943319,3.29827456864216
2015-07-02,51,2.13,35.69,2015,182,0.05326331582895723,10,0.04048582995951417,0.8461538461538461,1.3156039009752436
2015-07-03,37,1.54,37.23,2015,183,0.03850962740685171,16,0.06477732793522267,0.9109311740890688,0.5944923730932733
2015-07-04,23,0.96,38.19,2015,184,0.02400600150037509,10,0.04048582995951417,0.951417004048583,0.5929482370592647
2015-07-05,10,0.42,38.61,2015,185,0.0105026256564141,5,0.02024291497975708,0.97165991902834,0.5188297074268567
2015-07-07,2,0.08,38.86,2015,187,0.00200050012503125,1,0.00404858299595141,0.9757085020242916,0.4941235308827206
2015-07-09,8,0.33,39.65,2015,189,0.00825206301575393,3,0.01214574898785425,0.9878542510121456,0.6794198549637409
2015-07-10,3,0.13,39.78,2015,190,0.00325081270317579,2,0.00809716599190283,0.9959514170040484,0.4014753688422105
2015-07-11,3,0.13,39.91,2015,191,0.00325081270317579,1,0.00404858299595141,1,0.802950737684421
2016-05-24,6,0.25,0.25,2016,144,0.00666311300639658,0,0,0,Inf
2016-05-25,0,0,0.25,2016,145,0,0,0,0,NA
2016-05-26,3,0.13,0.38,2016,146,0.00346481876332622,0,0,0,Inf
2016-05-27,0,0,0.38,2016,147,0,0,0,0,NA
2016-05-28,2,0.08,0.46,2016,148,0.0021321961620469,0,0,0,Inf
2016-05-29,5,0.21,0.67,2016,149,0.00559701492537313,0,0,0,Inf
2016-05-30,11,0.46,1.13,2016,150,0.01226012793176972,0,0,0,Inf
2016-05-31,17,0.71,1.83,2016,151,0.01892324093816631,0,0,0,Inf
2016-06-01,16,0.67,2.5,2016,152,0.01785714285714285,0,0,0,Inf
2016-06-02,10,0.42,2.92,2016,153,0.01119402985074626,0,0,0,Inf
2016-06-03,22,0.46,3.38,2016,154,0.01226012793176972,0,0,0,Inf
2016-06-04,25,0.69,4.07,2016,155,0.01839019189765458,2,0.00826446280991735,0.00826446280991735,2.2252132196162044
2016-06-05,0,0.17,4.24,2016,156,0.00453091684434968,3,0.01239669421487603,0.02066115702479339,0.3654939587775408
2016-06-06,15,0.52,4.75,2016,157,0.0138592750533049,0,0,0.02066115702479339,Inf
2016-06-07,43,0.9,5.65,2016,158,0.02398720682302771,2,0.00826446280991735,0.02892561983471074,2.9024520255863537
2016-06-08,20,0.42,6.07,2016,159,0.01119402985074626,5,0.02066115702479339,0.04958677685950413,0.5417910447761194
2016-06-09,66,1.38,7.44,2016,160,0.03678038379530916,4,0.01652892561983471,0.06611570247933884,2.2252132196162044
2016-06-10,59,1.23,8.67,2016,161,0.03278251599147121,13,0.05371900826446281,0.11983471074380166,0.6102591438412333
2016-06-11,38,0.79,9.46,2016,162,0.02105543710021322,13,0.05371900826446281,0.17355371900826447,0.3919550598655076
2016-06-12,52,1.08,10.55,2016,163,0.02878464818763326,12,0.04958677685950413,0.2231404958677686,0.5804904051172708
2016-06-13,96,2,12.55,2016,164,0.0533049040511727,10,0.04132231404958678,0.2644628099173554,1.2899786780383795
2016-06-14,69,1.44,13.98,2016,165,0.03837953091684434,19,0.07851239669421488,0.34297520661157027,0.48883402536191217
2016-06-15,47,0.98,14.96,2016,166,0.02611940298507462,14,0.05785123966942149,0.40082644628099173,0.4514925373134328
2016-06-16,27,0.56,15.52,2016,167,0.01492537313432835,9,0.0371900826446281,0.4380165289256198,0.4013266998341625
2016-06-17,29,0.6,16.13,2016,168,0.01599147121535181,10,0.04132231404958678,0.4793388429752066,0.3869936034115138
2016-06-18,87,1.81,17.94,2016,169,0.04824093816631129,7,0.02892561983471074,0.5082644628099173,1.6677581480353334
2016-06-19,82,1.71,19.65,2016,170,0.04557569296375266,13,0.05371900826446281,0.5619834710743802,0.8484090536329342
2016-06-20,100,2.08,21.73,2016,171,0.05543710021321961,11,0.04545454545454545,0.6074380165289256,1.2196162046908314
2016-06-21,88,1.83,23.57,2016,172,0.04877398720682303,15,0.06198347107438017,0.6694214876033058,0.7868869936034115
2016-06-22,74,1.54,25.11,2016,173,0.04104477611940298,11,0.04545454545454545,0.7148760330578513,0.9029850746268656
2016-06-23,55,1.15,26.25,2016,174,0.0306503198294243,10,0.04132231404958678,0.756198347107438,0.7417377398720681
2016-06-24,48,1,27.25,2016,175,0.02665245202558635,11,0.04545454545454545,0.8016528925619835,0.5863539445628997
2016-06-25,72,1.5,28.75,2016,176,0.03997867803837952,10,0.04132231404958678,0.8429752066115703,0.9674840085287844
2016-06-26,47,0.98,29.73,2016,177,0.02611940298507462,9,0.0371900826446281,0.8801652892561984,0.7023217247097844
2016-06-27,50,1.04,30.77,2016,178,0.0277185501066098,8,0.03305785123966942,0.9132231404958678,0.8384861407249466
2016-06-28,30,0.63,31.4,2016,179,0.0167910447761194,6,0.02479338842975206,0.9380165289256198,0.6772388059701492
2016-06-29,44,0.92,32.32,2016,180,0.02452025586353944,5,0.02066115702479339,0.9586776859504132,1.1867803837953093
2016-06-30,44,0.92,33.23,2016,181,0.02452025586353944,6,0.02479338842975206,0.9834710743801652,0.9889836531627576
2016-07-01,25,1.04,34.27,2016,182,0.0277185501066098,4,0.01652892561983471,1,1.6769722814498933
2016-07-02,18,0.75,35.02,2016,183,0.01998933901918976,0,0,1,Inf
2016-07-03,24,1,36.02,2016,184,0.02665245202558635,0,0,1,Inf
2016-07-04,16,0.67,36.69,2016,185,0.01785714285714285,0,0,1,Inf
2016-07-05,3,0.13,36.82,2016,186,0.00346481876332622,0,0,1,Inf
2016-07-06,4,0.17,36.98,2016,187,0.00453091684434968,0,0,1,Inf
2016-07-07,1,0.04,37.02,2016,188,0.00106609808102345,0,0,1,Inf
2016-07-08,5,0.21,37.23,2016,189,0.00559701492537313,0,0,1,Inf
2016-07-09,1,0.04,37.27,2016,190,0.00106609808102345,0,0,1,Inf
2016-07-10,1,0.04,37.32,2016,191,0.00106609808102345,0,0,1,Inf
2016-07-11,3,0.13,37.44,2016,192,0.00346481876332622,0,0,1,Inf
2016-07-12,0,0,37.44,2016,193,0,0,0,1,NA
2016-07-13,0,0,37.44,2016,194,0,0,0,1,NA
2016-07-14,1,0.04,37.48,2016,195,0.00106609808102345,0,0,1,Inf
2016-07-15,0,0,37.48,2016,196,0,0,0,1,NA
2017-05-29,0,0,0,2017,148,0,0,0,0,NA
2017-05-30,0,0,0,2017,149,0,0,0,0,NA
2017-05-31,0,0,0,2017,150,0,0,0,0,NA
2017-06-01,2,0.08,0.08,2017,151,0.0028735632183908,0,0,0,Inf
2017-06-02,1,0.04,0.13,2017,152,0.0014367816091954,0,0,0,Inf
2017-06-03,2,0.08,0.21,2017,153,0.0028735632183908,0,0,0,Inf
2017-06-04,5,0.21,0.42,2017,154,0.00754310344827586,0,0,0,Inf
2017-06-05,9,0.38,0.79,2017,155,0.01364942528735632,1,0.00401606425702811,0.00401606425702811,3.3987068965517246
2017-06-06,19,0.59,1.39,2017,156,0.02119252873563218,2,0.00803212851405622,0.01204819277108433,2.638469827586207
2017-06-07,19,0.4,1.78,2017,157,0.01436781609195402,6,0.02409638554216867,0.03614457831325301,0.5962643678160919
2017-06-08,6,0.13,1.91,2017,158,0.00466954022988505,2,0.00803212851405622,0.04417670682730924,0.5813577586206897
2017-06-09,31,0.67,2.58,2017,159,0.02406609195402299,2,0.00803212851405622,0.05220883534136546,2.9962284482758625
2017-06-10,54,0.75,3.33,2017,160,0.02693965517241379,1,0.00401606425702811,0.05622489959839357,6.707974137931036
2017-06-11,43,0.9,4.23,2017,161,0.03232758620689655,5,0.02008032128514056,0.07630522088353414,1.6099137931034484
2017-06-12,75,1.56,5.79,2017,162,0.05603448275862069,6,0.02409638554216867,0.1004016064257028,2.3254310344827585
2017-06-13,62,1.29,7.08,2017,163,0.04633620689655172,7,0.02811244979919678,0.1285140562248996,1.6482450738916257
2017-06-14,48,1,8.08,2017,164,0.03591954022988505,24,0.0963855421686747,0.2248995983935743,0.3726652298850574
2017-06-15,14,0.39,8.47,2017,165,0.01400862068965517,20,0.08032128514056225,0.30522088353413657,0.1744073275862069
2017-06-16,54,1.13,9.59,2017,166,0.04058908045977011,10,0.04016064257028112,0.3453815261044177,1.0106681034482758
2017-06-17,65,1.35,10.95,2017,167,0.04849137931034483,23,0.09236947791164658,0.43775100401606426,0.5249718890554723
2017-06-18,70,1.46,12.41,2017,168,0.05244252873563218,23,0.09236947791164658,0.5301204819277109,0.5677473763118441
2017-06-19,56,1.17,13.57,2017,169,0.04202586206896552,28,0.11244979919678716,0.642570281124498,0.3737299876847291
2017-06-20,55,1.15,14.72,2017,170,0.04130747126436781,32,0.1285140562248996,0.7710843373493975,0.32142376077586204
2017-06-21,56,1.17,15.89,2017,171,0.04202586206896552,28,0.11244979919678716,0.8835341365461847,0.3737299876847291
2017-06-22,39,0.81,16.7,2017,172,0.0290948275862069,22,0.08835341365461848,0.9718875502008032,0.3293005485893417
2017-06-23,32,0.67,17.36,2017,173,0.02406609195402299,7,0.02811244979919678,1,0.8560652709359606
2017-06-24,70,1.46,18.82,2017,174,0.05244252873563218,0,0,1,Inf
2017-06-25,59,1.23,20.05,2017,175,0.04418103448275862,0,0,1,Inf
2017-06-26,40,0.83,20.89,2017,176,0.02981321839080459,0,0,1,Inf
2017-06-27,61,1.27,22.16,2017,177,0.04561781609195402,0,0,1,Inf
2017-06-28,31,0.86,23.02,2017,178,0.03089080459770115,0,0,1,Inf
2017-06-29,29,1.21,24.26,2017,179,0.04346264367816092,0,0,1,Inf
2017-06-30,12,0.5,24.73,2017,180,0.01795977011494252,0,0,1,Inf
2017-07-01,7,0.29,25.02,2017,181,0.01041666666666666,0,0,1,Inf
2017-07-02,16,0.67,25.68,2017,182,0.02406609195402299,0,0,1,Inf
2017-07-03,2,0,25.77,2017,183,0,0,0,1,NA
2017-07-04,7,0.29,26.06,2017,184,0.01041666666666666,0,0,1,Inf
2017-07-05,6,0.25,26.31,2017,185,0.00897988505747126,0,0,1,Inf
2017-07-06,9,0.38,26.68,2017,186,0.01364942528735632,0,0,1,Inf
2017-07-07,9,0.38,27.06,2017,187,0.01364942528735632,0,0,1,Inf
2017-07-08,4,0.17,27.23,2017,188,0.00610632183908046,0,0,1,Inf
2017-07-09,4,0.17,27.39,2017,189,0.00610632183908046,0,0,1,Inf
2017-07-10,8,0.33,27.73,2017,190,0.01185344827586207,0,0,1,Inf
2017-07-11,3,0.13,27.85,2017,191,0.00466954022988505,0,0,1,Inf
2017-07-12,1,0.04,27.89,2017,192,0.0014367816091954,0,0,1,Inf
2017-07-13,0,0,27.89,2017,193,0,0,0,1,NA
2018-06-07,1,0.08,0.08,2018,157,0.00329082682023858,0,0,0,Inf
2018-06-08,1,0.04,0.13,2018,158,0.00164541341011929,0,0,0,Inf
2018-06-09,3,0.1,0.23,2018,159,0.00411353352529823,0,0,0,Inf
2018-06-10,8,0.17,0.4,2018,160,0.00699300699300699,1,0.00434782608695652,0.00434782608695652,1.6083916083916086
2018-06-11,6,0.13,0.52,2018,161,0.0053475935828877,4,0.01739130434782608,0.0217391304347826,0.3074866310160428
2018-06-12,23,0.48,1,2018,162,0.01974496092143151,3,0.01304347826086956,0.03478260869565217,1.5137803373097491
2018-06-13,16,0.33,1.33,2018,163,0.01357466063348416,11,0.04782608695652174,0.08260869565217391,0.283833813245578
2018-06-14,3,0.09,1.43,2018,164,0.0037021801727684,5,0.0217391304347826,0.10434782608695652,0.17030028794734678
2018-06-15,6,0.13,1.55,2018,165,0.0053475935828877,2,0.00869565217391304,0.11304347826086956,0.6149732620320856
2018-06-16,22,0.69,2.24,2018,166,0.02838338132455779,3,0.01304347826086956,0.12608695652173912,2.1760592348827643
2018-06-17,56,1.56,3.79,2018,167,0.06417112299465241,8,0.03478260869565217,0.1608695652173913,1.844919786096257
2018-06-18,27,0.75,4.54,2018,168,0.03085150143973673,20,0.08695652173913043,0.24782608695652172,0.3547922665569725
2018-06-19,53,1.1,5.65,2018,169,0.04524886877828055,12,0.05217391304347826,0.3,0.8672699849170439
2018-06-20,62,1.29,6.94,2018,170,0.05306458247634719,20,0.08695652173913043,0.3869565217391304,0.6102426984779927
2018-06-21,72,1.5,8.44,2018,171,0.06170300287947347,9,0.0391304347826087,0.4260869565217391,1.5768545180309883
2018-06-22,48,1,9.44,2018,172,0.04113533525298231,18,0.0782608695652174,0.5043478260869565,0.5256181726769962
2018-06-23,101,2.1,11.54,2018,173,0.08638420403126286,17,0.07391304347826087,0.5782608695652174,1.168727466305321
2018-06-24,62,1.29,12.84,2018,174,0.05306458247634719,17,0.07391304347826087,0.6521739130434783,0.7179325864446973
2018-06-25,13,0.27,13.11,2018,175,0.01110654051830522,15,0.06521739130434782,0.717391304347826,0.17030028794734678
2018-06-26,80,1.67,14.77,2018,176,0.06869600987248047,6,0.02608695652173913,0.7434782608695653,2.6333470451117513
2018-06-27,54,1.13,15.9,2018,177,0.04648292883587001,18,0.0782608695652174,0.8217391304347826,0.5939485351250057
2018-06-28,39,0.81,16.71,2018,178,0.03331962155491568,18,0.0782608695652174,0.9,0.42575071986836693
2018-06-29,21,0.44,17.15,2018,179,0.01809954751131222,12,0.05217391304347826,0.9521739130434784,0.34690799396681754
2018-06-30,43,0.9,18.04,2018,180,0.03702180172768409,3,0.01304347826086956,0.9652173913043478,2.83833813245578
2018-07-01,70,1.46,19.5,2018,181,0.06005758946935417,8,0.03478260869565217,1,1.7266556972439324
2018-07-02,100,2.08,21.59,2018,182,0.08556149732620322,0,0,1,Inf
2018-07-03,51,1.06,22.65,2018,183,0.04360345536816126,0,0,1,Inf
2018-07-04,18,0.38,23.02,2018,184,0.01563142739613328,0,0,1,Inf
2018-07-05,21,0.44,23.46,2018,185,0.01809954751131222,0,0,1,Inf
2018-07-06,11,0.23,23.69,2018,186,0.00946112710818593,0,0,1,Inf
2018-07-07,4,0.08,23.77,2018,187,0.00329082682023858,0,0,1,Inf
2018-07-08,13,0.27,24.04,2018,188,0.01110654051830522,0,0,1,Inf
2018-07-09,3,0.06,24.11,2018,189,0.00246812011517893,0,0,1,Inf
2018-07-10,1,0.04,24.15,2018,190,0.00164541341011929,0,0,1,Inf
2018-07-11,2,0.08,24.23,2018,191,0.00329082682023858,0,0,1,Inf
2018-07-12,2,0.08,24.32,2018,192,0.00329082682023858,0,0,1,Inf
